free_thresh: 0.196
image: fr_052_cropped.pgm
negate: 0
occupied_thresh: 0.65
origin: [-5.924999999999997, -16.224999999999994, 0.0]
resolution: 0.025
