free_thresh: 0.196
image: map_cropped.pgm
negate: 0
occupied_thresh: 0.65
origin: [-1.0249999999999986, -4.049999999999997, 0.0]
resolution: 0.025
