free_thresh: 0.196
image: map_cropped.pgm
negate: 0
occupied_thresh: 0.65
origin: [-2.424999999999997, -4.424999999999997, 0.0]
resolution: 0.025
